n Flux
350	2.653900E-04
351	2.971500E-04
352	2.879700E-04
353	3.076400E-04
354	3.021800E-04
355	3.172100E-04
356	3.167800E-04
357	3.360300E-04
358	3.240500E-04
359	3.120100E-04
360	3.263300E-04
361	3.550700E-04
362	3.611100E-04
363	3.585000E-04
364	3.855200E-04
365	3.727900E-04
366	3.914600E-04
367	3.904200E-04
368	3.899900E-04
369	4.222200E-04
370	4.065800E-04
371	4.314800E-04
372	4.375500E-04
373	4.495000E-04
374	4.558800E-04
375	4.664500E-04
376	4.944300E-04
377	4.882400E-04
378	4.971600E-04
379	5.140800E-04
380	5.224400E-04
381	5.345800E-04
382	5.430000E-04
383	5.652000E-04
384	5.628600E-04
385	5.813000E-04
386	5.903500E-04
387	6.028700E-04
388	6.247100E-04
389	6.294200E-04
390	6.366100E-04
391	6.512100E-04
392	6.703900E-04
393	6.897400E-04
394	7.022700E-04
395	7.174700E-04
396	7.315500E-04
397	7.435100E-04
398	7.489800E-04
399	7.678300E-04
400	7.811900E-04
401	7.964500E-04
402	8.183400E-04
403	8.314000E-04
404	8.447200E-04
405	8.671800E-04
406	8.740000E-04
407	8.907600E-04
408	9.055300E-04
409	9.279900E-04
410	9.370400E-04
411	9.595000E-04
412	9.790200E-04
413	9.947000E-04
414	1.009800E-03
415	1.027100E-03
416	1.048800E-03
417	1.065300E-03
418	1.081400E-03
419	1.102300E-03
420	1.114500E-03
421	1.137400E-03
422	1.149000E-03
423	1.169400E-03
424	1.185500E-03
425	1.206200E-03
426	1.219600E-03
427	1.238600E-03
428	1.258200E-03
429	1.273000E-03
430	1.294800E-03
431	1.315000E-03
432	1.333100E-03
433	1.356000E-03
434	1.372300E-03
435	1.394100E-03
436	1.415200E-03
437	1.437800E-03
438	1.456800E-03
439	1.479200E-03
440	1.499600E-03
441	1.519700E-03
442	1.543000E-03
443	1.564400E-03
444	1.588800E-03
445	1.612400E-03
446	1.634300E-03
447	1.658500E-03
448	1.681000E-03
449	1.703400E-03
450	1.727300E-03
451	1.751000E-03
452	1.770100E-03
453	1.795000E-03
454	1.820200E-03
455	1.842800E-03
456	1.865100E-03
457	1.884100E-03
458	1.908400E-03
459	1.933800E-03
460	1.956700E-03
461	1.980900E-03
462	2.006400E-03
463	2.029300E-03
464	2.056000E-03
465	2.081100E-03
466	2.107000E-03
467	2.130100E-03
468	2.156400E-03
469	2.182400E-03
470	2.209000E-03
471	2.233900E-03
472	2.261800E-03
473	2.294400E-03
474	2.320900E-03
475	2.347900E-03
476	2.374900E-03
477	2.402400E-03
478	2.428700E-03
479	2.459200E-03
480	2.484500E-03
481	2.515500E-03
482	2.545500E-03
483	2.573600E-03
484	2.603400E-03
485	2.632700E-03
486	2.662400E-03
487	2.690900E-03
488	2.716700E-03
489	2.747300E-03
490	2.777300E-03
491	2.808900E-03
492	2.836000E-03
493	2.870900E-03
494	2.900000E-03
495	2.932700E-03
496	2.965300E-03
497	2.996000E-03
498	3.024400E-03
499	3.058800E-03
500	3.093100E-03
501	3.120200E-03
502	3.155200E-03
503	3.188000E-03
504	3.222900E-03
505	3.252200E-03
506	3.286300E-03
507	3.321100E-03
508	3.353100E-03
509	3.385500E-03
510	3.415600E-03
511	3.450200E-03
512	3.481500E-03
513	3.516900E-03
514	3.548300E-03
515	3.580000E-03
516	3.614000E-03
517	3.646600E-03
518	3.680700E-03
519	3.711600E-03
520	3.745700E-03
521	3.779200E-03
522	3.815600E-03
523	3.846700E-03
524	3.882700E-03
525	3.916100E-03
526	3.952700E-03
527	3.985700E-03
528	4.018600E-03
529	4.050100E-03
530	4.085400E-03
531	4.123600E-03
532	4.159700E-03
533	4.194200E-03
534	4.236400E-03
535	4.272400E-03
536	4.308400E-03
537	4.346100E-03
538	4.382000E-03
539	4.419700E-03
540	4.457500E-03
541	4.493700E-03
542	4.527800E-03
543	4.560700E-03
544	4.597500E-03
545	4.632200E-03
546	4.669100E-03
547	4.701400E-03
548	4.737800E-03
549	4.774600E-03
550	4.809300E-03
551	4.846800E-03
552	4.884700E-03
553	4.924600E-03
554	4.959600E-03
555	4.997700E-03
556	5.036300E-03
557	5.074200E-03
558	5.112100E-03
559	5.150500E-03
560	5.187700E-03
561	5.226000E-03
562	5.262900E-03
563	5.300800E-03
564	5.341800E-03
565	5.382200E-03
566	5.418300E-03
567	5.455800E-03
568	5.494300E-03
569	5.532700E-03
570	5.571000E-03
571	5.610400E-03
572	5.650800E-03
573	5.688300E-03
574	5.729200E-03
575	5.770600E-03
576	5.807900E-03
577	5.845100E-03
578	5.886200E-03
579	5.927500E-03
580	5.966600E-03
581	6.005000E-03
582	6.044100E-03
583	6.079900E-03
584	6.119300E-03
585	6.158000E-03
586	6.195400E-03
587	6.230700E-03
588	6.271100E-03
589	6.306100E-03
590	6.345800E-03
591	6.385900E-03
592	6.424200E-03
593	6.462800E-03
594	6.502500E-03
595	6.539700E-03
596	6.585200E-03
597	6.623300E-03
598	6.665200E-03
599	6.698800E-03
600	6.737300E-03
601	6.779300E-03
602	6.816700E-03
603	6.858600E-03
604	6.893300E-03
605	6.934000E-03
606	6.973500E-03
607	7.011200E-03
608	7.053700E-03
609	7.091000E-03
610	7.128000E-03
611	7.165200E-03
612	7.204200E-03
613	7.234300E-03
614	7.277300E-03
615	7.315500E-03
616	7.352600E-03
617	7.390100E-03
618	7.427700E-03
619	7.469200E-03
620	7.502900E-03
621	7.548100E-03
622	7.582300E-03
623	7.622000E-03
624	7.659600E-03
625	7.702600E-03
626	7.738100E-03
627	7.778100E-03
628	7.822300E-03
629	7.858600E-03
630	7.896100E-03
631	7.936500E-03
632	7.978900E-03
633	8.013200E-03
634	8.052000E-03
635	8.085000E-03
636	8.124700E-03
637	8.169000E-03
638	8.197900E-03
639	8.236500E-03
640	8.277400E-03
641	8.309000E-03
642	8.350700E-03
643	8.386900E-03
644	8.424600E-03
645	8.465300E-03
646	8.504000E-03
647	8.544100E-03
648	8.583700E-03
649	8.617000E-03
650	8.663500E-03
651	8.699700E-03
652	8.737100E-03
653	8.764700E-03
654	8.804900E-03
655	8.847100E-03
656	8.881100E-03
657	8.919700E-03
658	8.950600E-03
659	8.993800E-03
660	9.030500E-03
661	9.066400E-03
662	9.102100E-03
663	9.129100E-03
664	9.167500E-03
665	9.203100E-03
666	9.237300E-03
667	9.268000E-03
668	9.305600E-03
669	9.336400E-03
670	9.368500E-03
671	9.406200E-03
672	9.447900E-03
673	9.476300E-03
674	9.519000E-03
675	9.557700E-03
676	9.591100E-03
677	9.628600E-03
678	9.662700E-03
679	9.702900E-03
680	9.736600E-03
681	9.765800E-03
682	9.800700E-03
683	9.831200E-03
684	9.868900E-03
685	9.896600E-03
686	9.935200E-03
687	9.964100E-03
688	1.000200E-02
689	1.002700E-02
690	1.006700E-02
691	1.009600E-02
692	1.012600E-02
693	1.015800E-02
694	1.019200E-02
695	1.022200E-02
696	1.025200E-02
697	1.028400E-02
698	1.031500E-02
699	1.034400E-02
700	1.037300E-02
701	1.040700E-02
702	1.043500E-02
703	1.046800E-02
704	1.049800E-02
705	1.052600E-02
706	1.056100E-02
707	1.059500E-02
708	1.062800E-02
709	1.065700E-02
710	1.069200E-02
711	1.072800E-02
712	1.075600E-02
713	1.079400E-02
714	1.082200E-02
715	1.086100E-02
716	1.089300E-02
717	1.092400E-02
718	1.096000E-02
719	1.098800E-02
720	1.102700E-02
721	1.106000E-02
722	1.109000E-02
723	1.111900E-02
724	1.114700E-02
725	1.118200E-02
726	1.120900E-02
727	1.123400E-02
728	1.125800E-02
729	1.129800E-02
730	1.133000E-02
731	1.136400E-02
732	1.138100E-02
733	1.141400E-02
734	1.143600E-02
735	1.146700E-02
736	1.149500E-02
737	1.152200E-02
738	1.155300E-02
739	1.158400E-02
740	1.160500E-02
741	1.163400E-02
742	1.165600E-02
743	1.168600E-02
744	1.170700E-02
745	1.173600E-02
746	1.176300E-02
747	1.177600E-02
748	1.181200E-02
749	1.182800E-02
750	1.185000E-02
751	1.189300E-02
752	1.191600E-02
753	1.194700E-02
754	1.198300E-02
755	1.201200E-02
756	1.204900E-02
757	1.208200E-02
758	1.210400E-02
759	1.213600E-02
760	1.216900E-02
761	1.218700E-02
762	1.221600E-02
763	1.223600E-02
764	1.225400E-02
765	1.227900E-02
766	1.230800E-02
767	1.232000E-02
768	1.234500E-02
769	1.237200E-02
770	1.239300E-02
771	1.241600E-02
772	1.243500E-02
773	1.246400E-02
774	1.248700E-02
775	1.250600E-02
776	1.252500E-02
777	1.255900E-02
778	1.257400E-02
779	1.260000E-02
780	1.262300E-02
781	1.264700E-02
782	1.267200E-02
783	1.269400E-02
784	1.271200E-02
785	1.273700E-02
786	1.276200E-02
787	1.277800E-02
788	1.280800E-02
789	1.282800E-02
790	1.284600E-02
791	1.286900E-02
792	1.288100E-02
793	1.290300E-02
794	1.291100E-02
795	1.293100E-02
796	1.294300E-02
797	1.296400E-02
798	1.298000E-02
799	1.300000E-02
800	1.301600E-02
801	1.303800E-02
802	1.305900E-02
803	1.309000E-02
804	1.311500E-02
805	1.313600E-02
806	1.315900E-02
807	1.318700E-02
808	1.321100E-02
809	1.324400E-02
810	1.326100E-02
811	1.327500E-02
812	1.329200E-02
813	1.330900E-02
814	1.331600E-02
815	1.332400E-02
816	1.333900E-02
817	1.336100E-02
818	1.338000E-02
819	1.338300E-02
820	1.339700E-02
821	1.340400E-02
822	1.342400E-02
823	1.344200E-02
824	1.344900E-02
825	1.348100E-02
826	1.349700E-02
827	1.350200E-02
828	1.352500E-02
829	1.353800E-02
830	1.355200E-02
831	1.356800E-02
832	1.358700E-02
833	1.359400E-02
834	1.361100E-02
835	1.361700E-02
836	1.363600E-02
837	1.364900E-02
838	1.366000E-02
839	1.366200E-02
840	1.368300E-02
841	1.369900E-02
842	1.372200E-02
843	1.372900E-02
844	1.374900E-02
845	1.375600E-02
846	1.376500E-02
847	1.378600E-02
848	1.378600E-02
849	1.379300E-02
850	1.383000E-02
851	1.382800E-02
852	1.383600E-02
853	1.386500E-02
854	1.387600E-02
855	1.388200E-02
856	1.390600E-02
857	1.390700E-02
858	1.391900E-02
859	1.394000E-02
860	1.396100E-02
861	1.395300E-02
862	1.397400E-02
863	1.397100E-02
864	1.399000E-02
865	1.399100E-02
866	1.401000E-02
867	1.402800E-02
868	1.402400E-02
869	1.403700E-02
870	1.403800E-02
871	1.405100E-02
872	1.405800E-02
873	1.407700E-02
874	1.407200E-02
875	1.407100E-02
876	1.409000E-02
877	1.409800E-02
878	1.410900E-02
879	1.411300E-02
880	1.412000E-02
881	1.413100E-02
882	1.414900E-02
883	1.416900E-02
884	1.416500E-02
885	1.417600E-02
886	1.419500E-02
887	1.419500E-02
888	1.419700E-02
889	1.423700E-02
890	1.423900E-02
891	1.424800E-02
892	1.422200E-02
893	1.426700E-02
894	1.425300E-02
895	1.426800E-02
896	1.428400E-02
897	1.428500E-02
898	1.427300E-02
899	1.429900E-02
900	1.431000E-02
901	1.430400E-02
902	1.431800E-02
903	1.433000E-02
904	1.431200E-02
905	1.431600E-02
906	1.433500E-02
907	1.434900E-02
908	1.434700E-02
909	1.433500E-02
910	1.438800E-02
911	1.439500E-02
912	1.437400E-02
913	1.436300E-02
914	1.438000E-02
915	1.436300E-02
916	1.436200E-02
917	1.438900E-02
918	1.436700E-02
919	1.439800E-02
920	1.440300E-02
921	1.440400E-02
922	1.443800E-02
923	1.442600E-02
924	1.440500E-02
925	1.440800E-02
926	1.445800E-02
927	1.447200E-02
928	1.444400E-02
929	1.444200E-02
930	1.446200E-02
931	1.449500E-02
932	1.447100E-02
933	1.445200E-02
934	1.445200E-02
935	1.446800E-02
936	1.447100E-02
937	1.443700E-02
938	1.444000E-02
939	1.445000E-02
940	1.447700E-02
941	1.450700E-02
942	1.445400E-02
943	1.454300E-02
944	1.446200E-02
945	1.452300E-02
946	1.442300E-02
947	1.450900E-02
948	1.446500E-02
949	1.444100E-02
950	1.448800E-02
951	1.445200E-02
952	1.443500E-02
953	1.441600E-02
954	1.448100E-02
955	1.452100E-02
956	1.447700E-02
957	1.447400E-02
958	1.443900E-02
959	1.453500E-02
960	1.446100E-02
961	1.446400E-02
962	1.448500E-02
963	1.443600E-02
964	1.450600E-02
965	1.449100E-02
966	1.450300E-02
967	1.457200E-02
968	1.444600E-02
969	1.461200E-02
970	1.462600E-02
971	1.465400E-02
972	1.469800E-02
973	1.464900E-02
974	1.466500E-02
975	1.463500E-02
976	1.449100E-02
977	1.460400E-02
978	1.468500E-02
979	1.459400E-02
980	1.461800E-02
981	1.462300E-02
982	1.462900E-02
983	1.460000E-02
984	1.463200E-02
985	1.457900E-02
986	1.461900E-02
987	1.458300E-02
988	1.456800E-02
989	1.466600E-02
990	1.451700E-02
991	1.454600E-02
992	1.459700E-02
993	1.461400E-02
994	1.452200E-02
995	1.452400E-02
996	1.451200E-02
997	1.453400E-02
998	1.456000E-02
999	1.459800E-02
1000	1.468900E-02
1001	1.461000E-02
1002	1.468500E-02
1003	1.467800E-02
1004	1.465900E-02
1005	1.474000E-02
1006	1.448800E-02
1007	1.454900E-02
1008	1.459200E-02
1009	1.453500E-02
1010	1.445200E-02
1011	1.456100E-02
1012	1.455900E-02
1013	1.477300E-02
1014	1.464100E-02
1015	1.446100E-02
1016	1.461200E-02
1017	1.450800E-02
1018	1.462200E-02
1019	1.455500E-02
1020	1.459000E-02
1021	1.466100E-02
1022	1.478600E-02
1023	1.456700E-02
1024	1.463100E-02
1025	1.448200E-02
1026	1.454400E-02
1027	1.450900E-02
1028	1.449400E-02
1029	1.433400E-02
1030	1.444300E-02
1031	1.445500E-02
1032	1.450400E-02
1033	1.467000E-02
1034	1.439700E-02
1035	1.473300E-02
1036	1.471200E-02
1037	1.455400E-02
1038	1.474100E-02
1039	1.455500E-02
1040	1.454200E-02
1041	1.446100E-02
1042	1.465700E-02
1043	1.440500E-02
1044	1.438100E-02
1045	1.450000E-02
1046	1.491000E-02
1047	1.399700E-02
1048	1.450700E-02
1049	1.418700E-02
1050	1.439700E-02
